4.077759190000000353e-03
6.725045070000000179e-04
-6.327070730000000295e-03
-2.921474180000000007e-03
-1.049492410000000056e-02
3.796650730000000057e-03
3.611793380000000078e-03
1.976731860000000007e-02
-7.140798440000000261e-03
-3.304010090000000094e-03
8.845070530000000500e-03
-9.453753780000000856e-03
5.352017849999999785e-03
-5.151463309999999851e-03
-4.308192859999999784e-03
-6.167061239999999632e-03
9.056133879999999151e-03
-7.815490260000000286e-03
3.566638589999999824e-03
-5.287720789999999539e-04
-7.409480849999999612e-03
-1.492161200000000076e-02
-8.035183629999999647e-03
-1.048895979999999936e-02
-1.531114459999999983e-02
-1.258558029999999953e-02
2.584204110000000096e-03
-5.203782060000000306e-03
-3.581001690000000168e-03
-6.334024849999999804e-03
-6.079578849999999618e-03
-8.738449820000000756e-03
-7.833912059999999927e-03
1.454613400000000049e-02
-1.302836620000000049e-02
3.786526879999999674e-05
4.211805869999999882e-04
-9.549110640000000455e-03
-9.135672089999999704e-03
-1.097785069999999974e-02
8.088732759999999952e-03
-6.342531470000000067e-03
-3.838712519999999857e-03
-6.882028549999999641e-03
-6.454599600000000305e-03
-8.993557819999999439e-03
8.389522740000000464e-03
5.750606779999999606e-03
-4.380778899999999976e-03
5.489522219999999923e-05
-3.181047020000000135e-03
-7.809184640000000309e-03
-8.295554289999999831e-03
2.520325859999999942e-03
1.612261939999999963e-02
-3.934629359999999680e-03
-5.210058279999999799e-03
-4.974018900000000062e-03
-5.643069050000000357e-03
-5.797963550000000132e-03
-1.108913629999999997e-02
-4.332522650000000114e-03
6.373401429999999909e-03
-1.129473439999999955e-03
-8.157341659999999342e-03
-1.474811199999999985e-03
-3.041102769999999914e-03
-5.243115760000000014e-03
-4.923383550000000330e-03
-8.896017650000000426e-04
5.787107700000000340e-03
-1.740480529999999942e-02
-6.008191999999999873e-03
-5.876879009999999744e-03
-1.656367300000000098e-02
-9.226754159999999566e-03
3.728366060000000079e-03
-1.929869089999999929e-03
-3.794222490000000083e-03
1.617064230000000036e-03
3.643354220000000112e-03
-1.476602750000000075e-02
3.614391700000000023e-03
2.653997630000000038e-03
-6.406097850000000427e-03
1.043966290000000047e-02
-7.710651019999999710e-03
2.100367130000000034e-03
-3.208217800000000026e-03
-6.872374859999999704e-03
1.643312699999999876e-02
-8.620654000000000164e-03
-5.367943509999999717e-03
2.412112279999999859e-03
-3.061045529999999811e-04
-6.918389280000000231e-03
2.050457949999999994e-03
-5.093505610000000072e-03
-1.058986710000000067e-02
8.581860219999999304e-03
-5.424774389999999571e-03
-5.563703950000000245e-03
-4.774271919999999864e-03
-3.728818770000000022e-03
-3.437675399999999982e-03
-7.019439619999999838e-03
4.513881110000000398e-03
-5.569189540000000008e-03
-1.561031270000000012e-02
1.020985779999999954e-02
3.944192570000000335e-03
-6.419414770000000416e-03
9.509269390000000058e-03
1.889538849999999881e-02
-1.672616149999999954e-02
-6.824206420000000252e-03
5.168665510000000152e-04
7.209979979999999594e-03
2.722224139999999959e-03
-4.594362549999999809e-03
-1.170248899999999995e-02
-4.066318430000000206e-03
9.336575789999999181e-03
-3.552854590000000066e-03
-9.351569699999999485e-03
1.269872449999999951e-02
-9.951324019999999160e-03
-4.959302690000000347e-03
1.615800300000000064e-02
-1.527240439999999998e-03
-1.030039739999999947e-02
2.004575810000000166e-02
-4.182752359999999947e-03
7.183760229999999920e-03
-1.384449660000000061e-02
-4.435202580000000352e-03
-1.245247780000000026e-03
1.546783570000000087e-04
-7.418050919999999611e-03
-5.427868520000000280e-03
-2.423658439999999952e-03
1.673058719999999996e-03
-1.405823449999999992e-03
6.138534820000000371e-03
6.511826780000000425e-03
-7.393921529999999964e-03
-8.968036940000000123e-03
-3.630153369999999935e-03
-5.734317459999999957e-03
8.463176970000000016e-04
1.517358849999999974e-03
-8.541772450000000147e-04
9.641885549999999749e-03
-8.716371409999999547e-04
1.260435480000000018e-02
-6.245096389999999636e-03
-1.387045750000000070e-02
4.622878349999999872e-03
-4.540510539999999783e-03
-3.454268490000000132e-03
1.117364170000000045e-02
3.614588880000000129e-03
-3.370638039999999860e-03
-1.152860089999999983e-03
-2.832267250000000160e-03
-8.464694639999999215e-03
-1.296333730000000066e-02
3.290679529999999964e-03
-1.097430670000000032e-02
-1.376222860000000069e-02
-1.012563569999999982e-02
1.039879619999999928e-02
-1.240054590000000054e-02
-1.374967340000000102e-03
-2.488367799999999849e-03
-8.665449480000000232e-03
-1.092658479999999988e-02
-1.207261100000000089e-03
-5.066764569999999968e-03
4.031410899999999901e-03
4.543475970000000405e-03
-1.041427609999999969e-02
-2.989397230000000031e-04
-1.016144270000000037e-02
3.882123229999999859e-03
-9.992587540000000268e-03
-7.660478390000000255e-03
-5.964687570000000091e-03
1.514992580000000012e-03
-6.649394030000000191e-03
-6.023107169999999955e-03
-4.972651980000000228e-03
-4.855394639999999901e-03
-1.185424579999999964e-02
-6.538251240000000040e-03
-6.124579039999999627e-03
-2.719598159999999949e-03
-5.006067280000000078e-03
7.903801650000000234e-03
7.113429509999999803e-03
-1.460562510000000015e-02
-9.281662350000000755e-03
9.355041390000000748e-03
1.429117960000000041e-02
-5.285131390000000380e-03
-3.583467209999999931e-03
-3.717163299999999993e-03
-7.928018950000000759e-03
1.315112430000000068e-02
-5.127293919999999575e-03
-2.908451069999999986e-03
-5.710544609999999854e-03
2.248391489999999968e-03
-8.133117119999999992e-03
-1.015257340000000038e-03
-5.686778540000000199e-04
-9.898044340000000316e-03
4.816489860000000220e-03
-9.563718929999999452e-03
1.259987899999999959e-02
-4.526033559999999983e-03
9.831112689999999335e-03
-1.889179960000000121e-04
-6.927213039999999614e-03
1.124426910000000078e-02
2.161805709999999915e-03
-9.374955120000000308e-03
4.771972389999999719e-05
7.662235859999999912e-03
1.802527909999999999e-03
-5.933789499999999814e-03
-5.215955440000000394e-03
1.732295729999999917e-03
-1.051280020000000016e-02
-4.185772929999999684e-03
-9.046680700000000325e-03
-3.122722670000000009e-03
1.323921010000000086e-02
-6.701551519999999693e-03
4.344883250000000207e-04
-1.163143120000000030e-02
-4.278800039999999978e-03
2.177535790000000027e-02
7.982774499999999510e-03
-8.378990290000000798e-03
5.951524120000000091e-03
4.694613539999999835e-03
5.765362490000000215e-03
-2.744089830000000056e-03
5.707418530000000177e-03
-2.489791399999999921e-05
1.887598479999999870e-02
-9.461550850000000068e-03
4.214632649999999913e-06
7.415752510000000412e-04
-1.297794350000000020e-02
